Tiempo,Posición,Temperatura
1695686400,-7.501666666666667,32.52466666666667
1695690000,-7.505166666666667,32.52816666666667
1695693600,-7.504499999999999,32.522
1695697200,-7.5005,32.517833333333336
1695700800,-7.504166666666666,32.531666666666666
1695704400,-7.5,32.52883333333333
1695708000,-7.501499999999999,32.5385
1695711600,-7.499666666666667,32.5505
1695715200,-7.500666666666667,32.55266666666667
1695718800,-7.499333333333333,32.5815
1695722400,-7.496333333333334,32.61716666666667
1695726000,-7.501333333333333,32.63533333333333
1695729600,-7.4995,32.641333333333336
1695733200,-7.495500000000001,32.65116666666667
1695736800,-7.500666666666667,32.65183333333333
1695740400,-7.496833333333333,32.653666666666666
1695744000,-7.499750000000001,32.634499999999996
1695747600,-7.505166666666667,32.611000000000004
1695751200,-7.502,32.60616666666667
1695754800,-7.503666666666666,32.58733333333333
1695758400,-7.500333333333333,32.59916666666667
1695762000,-7.501499999999999,32.596333333333334
1695765600,-7.500166666666667,32.598333333333336
1695769200,-7.502666666666666,32.60066666666667
1695772800,-7.504833333333334,32.610166666666665
1695776400,-7.506666666666666,32.6145
1695780000,-7.5023333333333335,32.614
1695783600,-7.5055,32.615
1695787200,-7.504499999999999,32.6135
1695790800,-7.504333333333333,32.63366666666666
1695794400,-7.505833333333333,32.635
1695798000,-7.5008333333333335,32.64816666666666
1695801600,-7.503,32.653333333333336
1695805200,-7.497166666666667,32.67016666666667
1695808800,-7.500666666666667,32.703833333333336
1695812400,-7.498166666666666,32.72633333333333
1695816000,-7.503,32.72366666666667
1695819600,-7.5035,32.754333333333335
1695823200,-7.502,32.773
1695826800,-7.501666666666667,32.771
1695830400,-7.5,32.734833333333334
1695834000,-7.4976666666666665,32.72566666666667
1695837600,-7.504499999999999,32.716833333333334
1695841200,-7.502166666666667,32.72266666666667
1695844800,-7.5040000000000004,32.7265
1695848400,-7.501833333333334,32.713
1695852000,-7.503833333333334,32.717999999999996
1695855600,-7.504499999999999,32.717166666666664
1695859200,-7.504333333333333,32.72533333333333
1695862800,-7.4995,32.726
1695866400,-7.509166666666667,32.7235
1695870000,-7.506666666666666,32.730666666666664
1695873600,-7.502,32.74166666666667
1695877200,-7.5055,32.74166666666667
1695880800,-7.504499999999999,32.7465
1695884400,-7.504333333333333,32.757666666666665
1695888000,-7.507499999999999,32.77166666666667
1695891600,-7.504333333333333,32.78916666666667
1695895200,-7.5065,32.83866666666667
1695898800,-7.507666666666666,32.86333333333333
1695902400,-7.509333333333333,32.86483333333334
1695906000,-7.508666666666667,32.85616666666667
1695909600,-7.516166666666666,32.83283333333333
1695913200,-7.511833333333333,32.8305
1695916800,-7.508666666666667,32.851000000000006
1695920400,-7.5145,32.84316666666667
1695924000,-7.5135,32.83583333333333
1695927600,-7.509833333333333,32.8305
1695931200,-7.5115,32.818666666666665
1695934800,-7.509166666666667,32.82066666666667
1695938400,-7.5095,32.81283333333333
1695942000,-7.507333333333333,32.81316666666667
1695945600,-7.504499999999999,32.810500000000005
1695949200,-7.506666666666666,32.80616666666666
1695952800,-7.5040000000000004,32.81033333333333
1695956400,-7.507833333333333,32.80466666666667
1695960000,-7.508,32.80766666666667
1695963600,-7.503,32.79683333333333
1695967200,-7.504666666666666,32.7945
1695970800,-7.509833333333333,32.787333333333336
1695974400,-7.507333333333333,32.78766666666667
1695978000,-7.506,32.8075
1695981600,-7.506,32.8295
1695985200,-7.506666666666666,32.8415
1695988800,-7.502833333333333,32.83133333333333
1695992400,-7.506166666666667,32.821
1695996000,-7.502666666666667,32.817
1695999600,-7.503,32.80883333333333
1696003200,-7.505333333333334,32.79933333333334
1696006800,-7.5035,32.739
1696010400,-7.5024999999999995,32.70666666666666
1696014000,-7.503166666666667,32.696666666666665
1696017600,-7.503666666666667,32.689
1696021200,-7.5,32.688
1696024800,-7.5056666666666665,32.69283333333333
1696028400,-7.503,32.68416666666666
1696032000,-7.509833333333333,32.695
1696035600,-7.509333333333333,32.70633333333333
1696039200,-7.506833333333334,32.6955
1696042800,-7.515666666666666,32.705333333333336
1696046400,-7.507000000000001,32.71183333333333
1696050000,-7.5071666666666665,32.7105
1696053600,-7.5024999999999995,32.714166666666664
1696057200,-7.505333333333334,32.729
1696060800,-7.506,32.73025
1696064400,-7.502833333333333,32.783166666666666
1696068000,-7.50475,32.83441666666667
1696071600,-7.513,32.82966666666667
1696075200,-7.511333333333334,32.8245
1696078800,-7.510833333333333,32.81583333333334
1696082400,-7.509833333333333,32.80166666666666
1696086000,-7.506333333333333,32.805
1696089600,-7.506166666666667,32.7975
1696093200,-7.513333333333334,32.763
1696096800,-7.505833333333333,32.74283333333333
1696100400,-7.503166666666667,32.734833333333334
1696104000,-7.508333333333334,32.75266666666667
1696107600,-7.511,32.75033333333333
1696111200,-7.508166666666667,32.7625
1696114800,-7.509166666666667,32.77283333333334
1696118400,-7.50725,32.783249999999995
1696122000,-7.504666666666666,32.81008333333333
1696125600,-7.507499999999999,32.83083333333334
1696129200,-7.513166666666666,32.84366666666667
1696132800,-7.5125,32.8465
1696136400,-7.508666666666667,32.870666666666665
1696140000,-7.508,32.888999999999996
1696143600,-7.505333333333334,32.911833333333334
1696147200,-7.5056666666666665,32.929833333333335
1696150800,-7.506,32.9715
1696154400,-7.499,33.0415
1696158000,-7.504166666666666,33.06016666666667
1696161600,-7.506166666666667,33.0815
1696165200,-7.497833333333333,33.07066666666667
1696168800,-7.504166666666666,33.07816666666667
1696172400,-7.503333333333333,33.082
1696176000,-7.505,33.075
1696179600,-7.507499999999999,33.04333333333333
1696183200,-7.50575,33.03691666666666
1696186800,-7.501833333333334,33.04
1696190400,-7.500166666666667,33.04333333333333
1696194000,-7.5040000000000004,33.04816666666667
1696197600,-7.5040000000000004,33.05983333333333
1696201200,-7.504666666666666,33.0745
1696204800,-7.508166666666667,33.08116666666667
1696208400,-7.503666666666666,33.087666666666664
1696212000,-7.5065,33.10016666666667
1696215600,-7.504666666666666,33.11783333333333
1696219200,-7.504166666666666,33.13366666666666
1696222800,-7.504166666666666,33.13733333333333
1696226400,-7.507499999999999,33.152166666666666
1696230000,-7.509,33.165
1696233600,-7.506833333333334,33.1865
1696237200,-7.505583333333333,33.23558333333333
1696240800,-7.5,33.272166666666664
1696244400,-7.501916666666667,33.29233333333333
1696248000,-7.499,33.28483333333333
1696251600,-7.5035,33.283
1696255200,-7.498833333333334,33.291000000000004
1696258800,-7.503166666666667,33.284666666666666
1696262400,-7.503166666666667,33.27316666666667
1696266000,-7.509,33.24666666666666
1696269600,-7.507000000000001,33.242
1696273200,-7.507333333333333,33.23283333333333
1696276800,-7.505333333333334,33.23616666666667
1696280400,-7.505333333333334,33.227833333333336
1696284000,-7.5065,33.2225
1696287600,-7.510666666666666,33.229
1696291200,-7.509,33.24583333333333
1696294800,-7.5023333333333335,33.246833333333335
1696298400,-7.505,33.26233333333333
1696302000,-7.506,33.268166666666666
1696305600,-7.507000000000001,33.273833333333336
1696309200,-7.505833333333333,33.286
1696312800,-7.5056666666666665,33.3005
1696316400,-7.504666666666666,33.301
1696320000,-7.499916666666667,33.30741666666667
1696323600,-7.497,33.342083333333335
1696327200,-7.502583333333333,33.37233333333333
1696330800,-7.495333333333334,33.374
1696334400,-7.499083333333333,33.35666666666667
1696338000,-7.504166666666666,33.3155
1696341600,-7.506,33.30005555555555
1696345200,-7.506333333333333,33.28277777777778
1696348800,-7.492707692307692,33.257711538461535
1696352400,-7.487205530832804,33.217421381648656
1696356000,-7.53095041322314,33.217314049586776
1696359600,-7.5160669191919185,33.31016414141414
1696363200,-7.502152777777778,33.24362446581197
1696366800,-7.5,33.238605769230766
1696370400,-7.5014,33.22507532051282
1696374000,-7.513933333333333,33.19883333333333
1696377600,-7.5015833333333335,33.2075
1696381200,-7.5032499999999995,33.17308333333333
1696384800,-7.507333333333333,33.191583333333334
1696388400,-7.511666666666667,33.169333333333334
1696392000,-7.508416666666666,33.147166666666664
1696395600,-7.503,33.159166666666664
1696399200,-7.5034230769230765,33.16733333333333
1696402800,-7.506368589743589,33.146375
1696406400,-7.508208333333333,33.106874999999995
1696410000,-7.509833333333333,33.105916666666666
1696413600,-7.499416666666666,33.11425
1696417200,-7.502666666666667,33.0975
1696420800,-7.492333333333333,33.04725
1696424400,-7.489833333333333,33.08408333333333
1696428000,-7.501416666666667,33.07891666666667
1696431600,-7.495416666666667,33.09408333333333
1696435200,-7.5071666666666665,33.06966666666667
1696438800,-7.522,33.0375
1696442400,-7.501535087719299,33.02
1696446000,-7.515843117408907,32.975506410256415
1696449600,-7.509007849293564,32.97557692307692
1696453200,-7.491461305314205,32.970693069306925
1696456800,-7.493836633663366,32.94163366336633
1696460400,-7.49680693069307,32.91193069306931
1696464000,-7.491675742574258,32.91132590759076
1696467600,-7.514083333333333,32.9433137254902
1696471200,-7.518592342342343,32.95255113937467
1696474800,-7.527324324324324,32.932024024024024
1696478400,-7.519916666666666,32.92194444444444
1696482000,-7.516266666666667,32.90225
1696485600,-7.5220666666666665,32.89533333333333
1696489200,-7.523916666666667,32.89608333333334
1696492800,-7.51225,32.879333333333335
1696496400,-7.506666666666666,32.8695
1696500000,-7.509416666666667,32.869166666666665
1696503600,-7.508666666666667,32.88458333333333
1696507200,-7.509333333333333,32.87558333333333
1696510800,-7.516083333333333,32.8465
1696514400,-7.5142500000000005,32.80233333333334
1696518000,-7.509083333333334,32.84191666666667
1696521600,-7.507916666666666,32.83883333333333
1696525200,-7.508416666666666,32.81558333333333
1696528800,-7.52035,32.815083333333334
1696532400,-7.492222222222222,32.73166666666666
1696536000,-7.525427777777778,32.793875
1696539600,-7.529,32.7514375
1696543200,-7.51125,32.752520833333335
1696546800,-7.504166666666666,32.7245
1696550400,-7.508916666666667,32.73383333333333
1696554000,-7.512833333333333,32.717999999999996
1696557600,-7.513333333333334,32.712666666666664
1696561200,-7.508666666666667,32.70133333333333
1696564800,-7.503916666666667,32.693333333333335
1696568400,-7.5072777777777775,32.70961111111111
1696572000,-7.495322222222223,32.67442222222222
1696575600,-7.49715,32.69663333333333
1696579200,-7.503708333333333,32.67670833333333
1696582800,-7.507875,32.66781944444445
1696586400,-7.520678571428571,32.661722222222224
1696590000,-7.515988095238096,32.672
1696593600,-7.519416666666667,32.655499999999996
1696597200,-7.508708333333333,32.6375
1696600800,-7.495258333333334,32.63453333333333
1696604400,-7.507366666666667,32.61963333333333
1696608000,-7.51125,32.61966666666667
1696611600,-7.516611111111112,32.58982407407407
1696615200,-7.507524853801169,32.56017153996101
1696618800,-7.500780701754386,32.54275438596491
1696622400,-7.509783333333333,32.56966666666667
1696626000,-7.5018,32.56125
1696629600,-7.5215000000000005,32.519083333333334
1696633200,-7.504166666666666,32.527166666666666
1696636800,-7.501833333333334,32.494416666666666
1696640400,-7.505333333333334,32.47675
1696644000,-7.504833333333334,32.47425
1696647600,-7.515333333333333,32.473083333333335
1696651200,-7.509916666666666,32.462916666666665
1696654800,-7.50375,32.46695833333333
1696658400,-7.511944444444444,32.45948611111111
1696662000,-7.506722222222222,32.44488888888889
1696665600,-7.510833333333333,32.432249999999996
1696669200,-7.5125,32.435500000000005
1696672800,-7.509333333333333,32.445
1696676400,-7.510999999999999,32.47725
1696680000,-7.516166666666666,32.475833333333334
1696683600,-7.513999999999999,32.472833333333334
1696687200,-7.513833333333333,32.4595
1696690800,-7.5155,32.41466666666666
1696694400,-7.512333333333333,32.397166666666664
1696698000,-7.516,32.3825
1696701600,-7.518333333333333,32.37433333333333
1696705200,-7.512166666666667,32.369166666666665
1696708800,-7.518166666666667,32.36066666666667
1696712400,-7.5095,32.354
1696716000,-7.514833333333333,32.34616666666667
1696719600,-7.512333333333333,32.340833333333336
1696723200,-7.515,32.342
1696726800,-7.518833333333333,32.339000000000006
1696730400,-7.510166666666667,32.327333333333335
1696734000,-7.5104999999999995,32.3205
1696737600,-7.513833333333333,32.328
1696741200,-7.508833333333333,32.31816666666666
1696744800,-7.508666666666667,32.31433333333334
1696748400,-7.506666666666666,32.309333333333335
1696752000,-7.509166666666667,32.30916666666666
1696755600,-7.5115,32.31516666666667
1696759200,-7.509166666666667,32.298500000000004
1696762800,-7.5135,32.3015
1696766400,-7.513333333333334,32.291000000000004
1696770000,-7.5175,32.289833333333334
1696773600,-7.5175,32.282833333333336
1696777200,-7.52,32.264833333333335
1696780800,-7.513,32.258
1696784400,-7.5185,32.25216666666667
1696788000,-7.516333333333334,32.25533333333333
1696791600,-7.506666666666666,32.41133333333333
1696795200,-7.504666666666666,32.4435
1696798800,-7.5115,32.35316666666667
1696802400,-7.512166666666667,32.29983333333333
1696806000,-7.5071666666666665,32.286833333333334
1696809600,-7.5115,32.272999999999996
1696813200,-7.513833333333333,32.25683333333333
1696816800,-7.5168333333333335,32.25266666666667
1696820400,-7.514666666666667,32.236000000000004
1696824000,-7.5165,32.213499999999996
1696827600,-7.517666666666667,32.2035
1696831200,-7.521833333333333,32.1855
1696834800,-7.522833333333334,32.16266666666667
1696838400,-7.52,32.169374999999995
1696842000,-7.53325,32.15095833333333
1696845600,-7.519666666666667,32.177749999999996
1696849200,-7.516916666666666,32.173
1696852800,-7.5233333333333325,32.16116666666667
1696856400,-7.52575,32.1705
1696860000,-7.525345238095238,32.15009523809524
1696863600,-7.5139047619047625,32.13565476190476
1696867200,-7.543916666666666,32.11441666666666
1696870800,-7.486077519379845,32.127470930232555
1696874400,-7.509822480620155,32.03549573643411
1696878000,-7.5427858974358974,32.069058974358974
1696881600,-7.535230769230769,32.086807692307694
1696885200,-7.5201875000000005,32.0750625
1696888800,-7.5203125,32.07910416666667
1696892400,-7.520416666666667,32.051
1696896000,-7.530333333333333,32.028749999999995
1696899600,-7.532333333333333,32.034166666666664
1696903200,-7.529,32.00441666666667
1696906800,-7.5325,32.0175
1696910400,-7.5248333333333335,32.01616666666667
1696914000,-7.533416666666667,32.00225
1696917600,-7.523916666666667,32.02625
1696921200,-7.522166666666666,32.02941666666666
1696924800,-7.53325,32.01766666666666
1696928400,-7.525277777777777,32.035888888888884
1696932000,-7.5183888888888895,32.02440277777778
1696935600,-7.537416666666667,32.05595833333333
1696939200,-7.54325,32.08291666666666
1696942800,-7.513714285714285,32.03636904761905
1696946400,-7.532035714285714,32.030839285714286
1696950000,-7.532333333333333,32.03129166666667
1696953600,-7.525333333333333,32.02916666666667
1696957200,-7.533166666666667,32.00716666666667
1696960800,-7.522916666666666,32.01541666666667
1696964400,-7.525805555555555,32.00001851851852
1696968000,-7.512194444444445,31.987898148148147
1696971600,-7.5325,31.984388888888887
1696975200,-7.528583333333333,32.00219444444444
1696978800,-7.528416666666667,32.0135
1696982400,-7.526916666666667,32.00791666666667
1696986000,-7.528333333333333,32.00683333333333
1696989600,-7.53425,32.00416666666667
1696993200,-7.5295,32.00875
1696996800,-7.525666666666667,32.011833333333335
1697000400,-7.526083333333333,32.016083333333334
1697004000,-7.52875,32.0055
1697007600,-7.531516666666667,32.01213333333333
1697011200,-7.529733333333334,32.03211666666667
1697014800,-7.53125,32.04091666666667
1697018400,-7.5165,32.07779545454545
1697022000,-7.511958333333333,32.08628787878788
1697025600,-7.517791666666667,32.100249999999996
1697029200,-7.529098039215686,32.067632352941175
1697032800,-7.520568627450981,32.04945098039216
1697036400,-7.5253749999999995,32.08475
1697040000,-7.523875,32.07608333333334
1697043600,-7.535055555555556,32.048833333333334
1697047200,-7.526277777777778,32.02916666666667
1697050800,-7.5305,32.0315
1697054400,-7.529583333333333,32.045
1697058000,-7.525833333333334,32.03025
1697061600,-7.526,32.047666666666665
1697065200,-7.522833333333334,32.02616666666667
1697068800,-7.522,32.034166666666664
1697072400,-7.526666666666667,32.036500000000004
1697076000,-7.524583333333334,32.03225
1697079600,-7.525499999999999,32.040083333333335
1697083200,-7.524333333333333,32.03183333333333
1697086800,-7.519083333333333,32.03325
1697090400,-7.5280000000000005,32.031166666666664
1697094000,-7.5264999999999995,32.04266666666667
1697097600,-7.5248333333333335,32.05116666666667
1697101200,-7.529333333333333,32.052
1697104800,-7.5264999999999995,32.06516666666667
1697108400,-7.527333333333333,32.092999999999996
1697112000,-7.521316666666666,32.091100000000004
1697115600,-7.519183333333333,32.092483333333334
1697119200,-7.525416666666667,32.093583333333335
1697122800,-7.519833333333334,32.08075
1697126400,-7.531541666666667,32.0835625
1697130000,-7.527932692307692,32.010552884615386
1697133600,-7.543710325710325,32.019850831600834
1697137200,-7.506037537537537,31.98322822822823
1697140800,-7.521845288326301,31.978664205344582
1697144400,-7.51776582278481,32.0204746835443
1697148000,-7.532333333333333,32.08
1697151600,-7.523499999999999,32.041666666666664
1697155200,-7.5162708333333335,32.029979166666664
1697158800,-7.518729166666666,32.08081845238095
1697162400,-7.509083333333334,32.03895238095238
1697166000,-7.522333333333333,32.05375
1697169600,-7.520108974358974,32.068948717948714
1697173200,-7.503518629807692,32.008181490384615
1697176800,-7.493205729166666,32.01303645833333
1697180400,-7.527166666666667,32.032583333333335
1697184000,-7.524166666666667,32.04375
1697187600,-7.5211814194577356,32.03484250398724
1697191200,-7.502703349282297,32.001004784688995
1697194800,-7.482607655502393,31.972296650717702
1697198400,-7.486847319347319,31.983503496503495
1697202000,-7.444910256410256,32.171602564102564
1697205600,-7.360416666666667,32.362249999999996
1697209200,-7.361083333333334,32.310583333333334
1697212800,-7.360247734138974,32.316261329305135
1697216400,-7.362552870090635,32.307235649546826
1697220000,-7.364365558912387,32.298172205438064
1697223600,-7.3661782477341395,32.2891087613293
1697227200,-7.367990936555892,32.28004531722054
1697230800,-7.369803625377643,32.27098187311178
1697234400,-7.371616314199396,32.261918429003025
1697238000,-7.373429003021148,32.252854984894256
1697241600,-7.3752416918429,32.2437915407855
1697245200,-7.377054380664652,32.23472809667673
1697248800,-7.378867069486405,32.22566465256798
1697252400,-7.375569234642498,32.15823716012084
1697256000,-7.374083333333333,32.122371666666666
1697259600,-7.37,32.087250000000004
1697263200,-7.381524590163934,32.05147806010929
1697266800,-7.37886002522068,32.083605401429175
1697270400,-7.366615384615384,32.097211538461536
1697274000,-7.375166666666667,32.11866666666666
1697277600,-7.373333333333333,32.09404166666666
1697281200,-7.372333333333333,32.131625
1697284800,-7.380916666666667,32.07283333333333
1697288400,-7.3715,32.05941666666667
1697292000,-7.3719166666666665,32.053416666666664
1697295600,-7.377666666666667,32.052416666666666
1697299200,-7.3773382352941175,32.03557843137255
1697302800,-7.369328431372549,32.04708823529412
1697306400,-7.37375,32.022416666666665
1697310000,-7.380729166666667,32.024166666666666
1697313600,-7.372020833333334,32.022166666666664
1697317200,-7.379916666666667,32.020583333333335
1697320800,-7.375,32.01425
1697324400,-7.373666666666667,32.00425
1697328000,-7.3693333333333335,31.991083333333332
1697331600,-7.3762083333333335,31.98975
1697335200,-7.3730416666666665,31.966416666666664
1697338800,-7.367333333333334,31.9855
1697342400,-7.370333333333334,31.970166666666668
1697346000,-7.3719166666666665,31.971083333333336
1697349600,-7.377583333333333,31.96525
1697353200,-7.362433333333333,31.961666666666666
1697356800,-7.382066666666666,31.983833333333333
1697360400,-7.373083333333333,31.96475
1697364000,-7.376333333333333,31.970333333333333
1697367600,-7.377,31.98
1697371200,-7.374416666666666,31.98425
1697374800,-7.377583333333333,31.982416666666666
1697378400,-7.382000000000001,31.98025
1697382000,-7.3774999999999995,31.9745
1697385600,-7.385166666666667,31.977166666666665
1697389200,-7.377,31.975666666666665
1697392800,-7.378833333333334,31.965500000000002
1697396400,-7.376916666666667,31.971416666666666
1697400000,-7.3719166666666665,31.973166666666664
1697403600,-7.376833333333334,31.97175
1697407200,-7.376416666666667,31.966833333333334
1697410800,-7.376083333333333,31.962416666666666
1697414400,-7.376333333333333,31.964166666666664
1697418000,-7.374499999999999,31.971666666666668
1697421600,-7.379499999999999,31.973833333333335
1697425200,-7.374,31.966833333333334
1697428800,-7.373833333333334,31.960833333333333
1697432400,-7.375,31.962
1697436000,-7.379166666666666,31.963
1697439600,-7.374,31.9625
1697443200,-7.372333333333333,31.97375
1697446800,-7.373,31.963666666666665
1697450400,-7.376,31.97683333333333
1697454000,-7.3725000000000005,31.985
1697457600,-7.377166666666667,31.983666666666668
1697461200,-7.378666666666666,31.99116666666667
1697464800,-7.3874385964912275,32.01107894736842
1697468400,-7.389061403508772,31.989587719298246
1697472000,-7.380583333333333,31.9955
1697475600,-7.38225,31.994500000000002
1697479200,-7.3790000000000004,31.977666666666668
1697482800,-7.36975,31.990416666666665
1697486400,-7.382041666666667,31.977500000000003
1697490000,-7.380118333333333,31.990576666666666
1697493600,-7.37109,31.997423333333334
1697497200,-7.370916666666667,31.985416666666666
1697500800,-7.389761904761905,31.957630952380953
1697504400,-7.3803214285714285,31.98320238095238
1697508000,-7.378333333333333,31.986083333333333
1697511600,-7.381166666666667,31.979916666666668
1697515200,-7.381833333333334,31.984666666666666
1697518800,-7.382666666666666,31.9845
1697522400,-7.380333333333334,31.991833333333332
1697526000,-7.371833333333333,32.005833333333335
1697529600,-7.37425,32.00519444444445
1697533200,-7.378404371584699,31.989842440801457
1697536800,-7.388080476900148,32.04165250869349
1697540400,-7.400115151515151,31.98442727272727
1697544000,-7.380147619047619,32.01693095238095
1697547600,-7.353852380952381,31.995196825396825
1697551200,-7.356983333333333,32.04367222222222
1697554800,-7.389333333333334,32.03133333333333
1697558400,-7.385166666666667,32.02316666666666
1697562000,-7.3785,32.00516666666667
1697565600,-7.378,32.00375
1697569200,-7.377416666666666,31.987583333333337
1697572800,-7.37725,32.00416666666667
1697576400,-7.383416666666666,31.992
1697580000,-7.376666666666667,31.992583333333336
1697583600,-7.378583333333333,31.991916666666665
1697587200,-7.377833333333333,31.990166666666667
1697590800,-7.375333333333333,31.987833333333334
1697594400,-7.38,31.985833333333336
1697598000,-7.381333333333333,31.981166666666663
1697601600,-7.38,31.989833333333333
1697605200,-7.3785,31.974
1697608800,-7.381583333333333,31.9805
1697612400,-7.379166666666666,31.975833333333334
1697616000,-7.380166666666667,31.966
1697619600,-7.38625,31.96475
1697623200,-7.362,31.996666666666666
1697626800,-7.382833333333334,32.004416666666664
1697630400,-7.3931666666666676,31.960833333333333
1697634000,-7.374083333333333,31.983333333333334
1697637600,-7.365166666666667,31.996666666666666
1697641200,-7.383916666666667,31.983333333333334
1697644800,-7.374,31.96033333333333
1697648400,-7.364166666666667,31.98487911725955
1697652000,-7.36,31.983527667984188
1697655600,-7.36,31.977598814229246
1697659200,-7.36,31.971669960474305
1697662800,-7.36,31.965741106719367
1697666400,-7.36,31.959812252964426
1697670000,-7.36,31.953883399209484
1697673600,-7.36,31.947954545454547
1697677200,-7.36,31.942099802371544
1697680800,-7.365833333333333,31.972916666666666
1697684400,-7.373550813008129,31.91560162601626
1697688000,-7.395060975609756,31.930121951219515
1697691600,-7.402378048780488,31.944756097560976
1697695200,-7.396093495934959,31.95218699186992
1697698800,-7.375333333333333,31.940083333333334
1697702400,-7.377,31.9415
1697706000,-7.3693333333333335,31.959166666666665
1697709600,-7.380166666666667,31.9465
1697713200,-7.37095,31.95491666666667
1697716800,-7.390466666666667,31.962833333333332
1697720400,-7.38225,31.950750000000003
1697724000,-7.374916666666667,31.988
1697727600,-7.379499999999999,31.999333333333333
1697731200,-7.378416666666666,31.985333333333337
1697734800,-7.383333333333334,31.969333333333335
1697738400,-7.381333333333333,31.955499999999997
1697742000,-7.385833333333333,31.9515
1697745600,-7.380416666666666,31.95358333333333
1697749200,-7.381,31.96333333333333
1697752800,-7.381666666666666,31.964166666666664
1697756400,-7.381166666666667,31.964333333333332
1697760000,-7.378833333333334,31.96033333333333
1697763600,-7.377666666666667,31.958333333333332
1697767200,-7.378833333333334,31.959166666666665
1697770800,-7.370500000000001,31.965
1697774400,-7.3755,31.968
1697778000,-7.380166666666667,31.970833333333335
1697781600,-7.378666666666666,31.967333333333332
1697785200,-7.37575,31.968666666666667
1697788800,-7.375916666666667,31.965500000000002
1697792400,-7.367821428571429,31.96088095238095
1697796000,-7.369528571428572,31.995035714285716
1697799600,-7.367816666666667,31.987916666666667
1697803200,-7.376833333333334,31.986749999999997
1697806800,-7.3854999999999995,31.988
1697810400,-7.380166666666667,32.01808333333334
1697814000,-7.385305555555556,32.00980555555556
1697817600,-7.383527777777777,31.975777777777775
1697821200,-7.3835,31.976916666666668
1697824800,-7.385166666666667,31.97275
1697828400,-7.3815,31.970833333333335
1697832000,-7.3790000000000004,31.983999999999998
1697835600,-7.3745,31.975666666666665
1697839200,-7.381166666666667,31.979083333333335
1697842800,-7.383666666666667,31.980833333333333
1697846400,-7.376499999999999,31.986666666666668
1697850000,-7.380166666666667,31.987833333333334
1697853600,-7.379166666666666,31.985833333333332
1697857200,-7.378666666666667,31.977166666666665
1697860800,-7.375166666666667,31.978166666666667
1697864400,-7.378333333333333,31.979499999999998
1697868000,-7.378,31.989166666666666
1697871600,-7.381166666666667,31.981833333333334
1697875200,-7.376666666666667,31.986666666666668
1697878800,-7.3790000000000004,31.988166666666665
1697882400,-7.379166666666666,32.02158333333333
1697886000,-7.3780833333333335,32.010466666666666
1697889600,-7.371083333333333,31.997366666666668
1697893200,-7.381139344262295,31.973945355191255
1697896800,-7.406693989071038,32.011721311475405
1697900400,-7.408976705490848,32.00158901830283
1697904000,-7.388128119800332,32.03376039933444
1697907600,-7.385133111480865,32.02377703826955
1697911200,-7.382138103161397,32.01379367720466
1697914800,-7.379143094841931,32.00381031613976
1697918400,-7.376148086522463,31.993826955074876
1697922000,-7.373153078202995,31.983843594009986
1697925600,-7.370158069883527,31.97386023294509
1697929200,-7.36716306156406,31.9638768718802
1697932800,-7.364168053244593,31.95389351081531
1697936400,-7.361190515806988,31.943968386023297
1697940000,-7.372916666666667,31.962333333333333
1697943600,-7.375249999999999,31.941166666666668
1697947200,-7.38525,31.97225
1697950800,-7.372249999999999,31.9465
1697954400,-7.3845,31.949166666666667
1697958000,-7.372916666666667,31.940333333333335
1697961600,-7.381749999999999,31.937666666666665
1697965200,-7.375916666666667,31.936333333333334
1697968800,-7.385666666666666,31.9295
1697972400,-7.382499999999999,31.933833333333332
1697976000,-7.3835,31.928833333333333
1697979600,-7.381833333333334,31.932416666666665
1697983200,-7.375,31.922083333333333
1697986800,-7.377666666666667,31.92366666666667
1697990400,-7.372833333333333,31.908
1697994000,-7.378833333333334,31.904833333333332
1697997600,-7.375666666666667,31.9005
1698001200,-7.379916666666667,31.902583333333332
1698004800,-7.377916666666667,31.888916666666667
1698008400,-7.378583333333333,31.877000000000002
1698012000,-7.380916666666667,31.86875
1698015600,-7.3774999999999995,31.876666666666665
1698019200,-7.380166666666667,31.869833333333336
1698022800,-7.3886666666666665,31.85983333333333
1698026400,-7.377833333333333,31.8615
1698030000,-7.382833333333333,31.86116666666667
1698033600,-7.379166666666666,31.86116666666667
1698037200,-7.377166666666667,31.858666666666668
1698040800,-7.3821666666666665,31.853166666666667
1698044400,-7.38301282051282,31.856121794871797
1698048000,-7.378187389130785,31.892220448314788
1698051600,-7.361509433962264,31.859150943396227
1698055200,-7.349457023060796,31.822590146750525
1698058800,-7.3755,31.880333333333333
1698062400,-7.377750000000001,31.87875
1698066000,-7.385916666666666,31.898083333333332
1698069600,-7.386,31.886833333333335
1698073200,-7.379416666666667,31.880499999999998
1698076800,-7.379333333333333,31.868083333333335
1698080400,-7.383,31.869666666666667
1698084000,-7.3875,31.872333333333334
1698087600,-7.395,31.857000000000003
1698091200,-7.395833333333333,31.862833333333334
1698094800,-7.397166666666666,31.8265
1698098400,-7.395666666666667,31.790666666666667
1698102000,-7.395166666666666,31.76883333333333
1698105600,-7.404166666666667,31.76966666666667
1698109200,-7.404,31.753333333333334
1698112800,-7.4030000000000005,31.764166666666664
1698116400,-7.402166666666667,31.754166666666666
1698120000,-7.403833333333334,31.7505
1698123600,-7.399500000000001,31.746
1698127200,-7.395833333333333,31.758333333333333
1698130800,-7.405,31.755166666666664
1698134400,-7.399500000000001,31.749166666666667
1698138000,-7.396333333333333,31.742666666666665
1698141600,-7.397333333333333,31.738833333333332
1698145200,-7.403833333333334,31.741333333333333
1698148800,-7.403833333333334,31.750333333333334
1698152400,-7.3965000000000005,31.7765
1698156000,-7.402333333333333,31.780250000000002
1698159600,-7.396833333333333,31.773416666666666
1698163200,-7.404916666666667,31.737166666666667
1698166800,-7.398750000000001,31.75041666666667
1698170400,-7.406333333333333,31.7385
1698174000,-7.405666666666666,31.729166666666668
1698177600,-7.409583333333333,31.729
1698181200,-7.4004166666666675,31.721833333333333
1698184800,-7.398083333333333,31.721833333333333
1698188400,-7.401083333333333,31.716833333333334
1698192000,-7.42,31.72
